9
161,195,165,188,169,182,173,176,177,170,181,164,186,158,209,169,204,175,200,181,195,187,191,193,186,199,182,206,"at"
208,224,212,218,216,212,220,207,224,201,228,195,233,190,254,201,249,206,245,212,240,217,236,223,231,228,227,234,"at"
269,232,270,229,271,227,273,225,274,222,275,220,277,218,300,231,298,233,296,236,294,238,292,241,290,243,289,246,"t"
317,262,318,259,319,257,320,255,321,253,322,251,324,249,344,264,342,266,341,268,339,270,338,272,336,274,335,276,"t"
251,86,256,78,262,71,268,64,274,56,280,49,286,42,304,53,298,60,292,67,287,75,281,82,275,89,270,97,"map"
291,112,296,104,302,96,307,88,313,80,318,72,324,65,340,78,335,85,330,93,325,101,320,108,315,116,310,124,"tap"
333,138,337,129,342,121,347,113,352,105,357,97,362,89,376,99,371,107,367,115,362,123,358,131,353,139,349,147,"cap"
373,164,377,155,381,147,386,139,390,131,394,123,399,115,417,125,413,133,409,141,405,150,401,158,397,166,393,175,"rap"
412,188,416,179,420,171,425,163,429,154,433,146,438,138,454,148,450,156,446,165,443,174,439,182,435,191,432,200,"kap"
