9
108,30,111,30,115,31,119,31,122,32,126,32,130,33,129,63,125,62,122,62,118,61,115,61,111,60,108,60,"i"
142,35,158,38,175,41,192,44,208,47,225,50,242,53,242,83,225,80,208,78,192,76,175,73,158,71,142,69,"honour"
252,55,259,56,267,58,275,59,283,61,291,62,299,64,299,88,291,87,283,86,275,85,267,84,259,83,251,83,"the"
307,64,318,66,329,68,341,70,352,72,363,74,375,76,375,101,363,99,352,98,340,96,329,95,317,93,306,92,"place"
382,77,386,78,391,79,396,80,401,81,406,82,411,83,411,107,406,106,401,105,396,104,391,103,386,102,381,102,"in"
416,83,422,83,428,84,435,85,441,86,447,87,454,88,454,114,447,113,441,112,435,111,428,110,422,109,416,109,"you"
167,108,180,110,194,112,208,114,222,116,236,118,250,120,250,148,236,146,222,145,208,144,194,142,180,141,166,140,"where"
260,120,274,122,288,124,303,126,317,128,331,130,346,132,346,159,331,157,317,155,302,154,288,152,273,150,259,149,"spirit"
352,130,362,131,373,132,383,134,394,135,404,136,415,138,415,165,404,164,393,163,383,162,372,161,361,160,351,159,"lives"
